   0.0110089028
   0.0113201401
   0.0142008751
   0.0084542085
   0.0148099343
   0.0152882446
   0.0110089028
   0.0113201401
   0.0108419186
   0.0150294128
   0.0161114803
   0.0140084699
   0.0055501099
   0.0142557498
   0.0170824047
   0.0174089594
   0.0138865029
   0.0181341472
   0.0155863724
   0.0178301975
   0.0173641506
   0.0173641506
   0.0174089594
   0.0138865029
   0.0181341472
   0.0155863724
   0.0178301975
   0.0161114803
   0.0140084699
   0.0055501099
   0.0142557498
   0.0170824047
   0.0108419186
   0.0150294128
   0.0123683042
   0.0077085269
   0.0138389281
   0.0130171009
   0.0060755048
  -0.0157633165
   0.0138389281
   0.0130171009
   0.0060755048
  -0.0157633165
   0.0123683042
   0.0077085269
   0.0149091271
   0.0030160808
   0.0052749890
   0.0030160808
   0.0052749890
   0.0149091271
  -0.0006679064
   0.0130014068
  -0.0065805600
  -0.0132349750
  -0.0104095812
  -0.0219710584
  -0.0065413095
   0.0017749898
  -0.0202527240
  -0.0223716692
  -0.0104095812
  -0.0219710584
  -0.0065413095
   0.0130014068
  -0.0065805600
  -0.0132349750
  -0.0006679064
   0.0247884976
   0.0276886364
   0.0006730416
   0.0338188449
   0.0388250839
   0.0264582385
   0.0006730416
   0.0338188449
   0.0388250839
   0.0264582385
   0.0247884976
   0.0276886364
  -0.0185392567
  -0.0321455371
  -0.0378781278
  -0.0266375249
  -0.0263384915
  -0.0447389586
  -0.0472819555
  -0.0437822495
  -0.0288983482
  -0.0442618105
  -0.0502913545
  -0.0492411326
  -0.0450679025
  -0.0287710265
  -0.0263384915
  -0.0447389586
  -0.0472819555
  -0.0437822495
  -0.0288983482
  -0.0321455371
  -0.0378781278
  -0.0266375249
  -0.0185392567
   0.0090142444
   0.0074749048
   0.0120249593
   0.0120249593
   0.0090142444
   0.0074749048
   0.0131272459
   0.0069148657
   0.0117608422
   0.0132426771
   0.0135256878
   0.0116886562
   0.0078715354
   0.0126219344
   0.0142104711
   0.0138833944
   0.0117253652
   0.0119320045
   0.0135245013
   0.0124082948
   0.0142318827
   0.0135210867
   0.0135210867
   0.0138833944
   0.0117253652
   0.0119320045
   0.0135245013
   0.0124082948
   0.0142318827
   0.0135256878
   0.0116886562
   0.0078715354
   0.0126219344
   0.0142104711
   0.0131272459
   0.0069148657
   0.0117608422
   0.0132426771
   0.0063545128
  -0.0000756316
   0.0112269256
   0.0095687279
   0.0046257341
  -0.0080924779
   0.0116332225
   0.0106610372
   0.0073554043
  -0.0015721384
   0.0112269256
   0.0095687279
   0.0046257341
  -0.0080924779
   0.0063545128
  -0.0000756316
   0.0090440813
   0.0014337753
   0.0024988313
   0.0014337753
   0.0024988313
   0.0090440813
   0.0017720238
   0.0082908222
  -0.0026174950
  -0.0057490500
  -0.0061211260
  -0.0128613821
  -0.0039681166
  -0.0149691929
  -0.0127191219
  -0.0039681166
  -0.0149691929
  -0.0127191219
  -0.0061211260
  -0.0128613821
   0.0082908222
  -0.0026174950
  -0.0057490500
   0.0017720238
   0.0107802332
   0.0206727932
   0.0139961524
   0.0161542013
   0.0274850335
   0.0258027370
   0.0126883285
   0.0194887775
   0.0297705428
   0.0293290687
   0.0202272188
   0.0161542013
   0.0274850335
   0.0258027370
   0.0126883285
   0.0107802332
   0.0206727932
   0.0139961524
  -0.0131135803
  -0.0227927798
  -0.0276528362
  -0.0186142422
  -0.0181986108
  -0.0327693749
  -0.0359911334
  -0.0326671432
  -0.0197209505
  -0.0307387394
  -0.0386908533
  -0.0395633353
  -0.0369385619
  -0.0283320399
  -0.0020555866
  -0.0307387394
  -0.0386908533
  -0.0395633353
  -0.0369385619
  -0.0283320399
  -0.0020555866
  -0.0181986108
  -0.0327693749
  -0.0359911334
  -0.0326671432
  -0.0197209505
  -0.0227927798
  -0.0276528362
  -0.0186142422
  -0.0131135803
   0.0075373981
   0.0053383679
   0.0087012947
  -0.0039740893
   0.0106674472
   0.0103185033
   0.0005640818
   0.0084674258
   0.0109713449
   0.0109844629
   0.0106674472
   0.0087012947
  -0.0039740893
   0.0075373981
   0.0053383679
   0.0065330731
   0.0102133078
   0.0114144482
   0.0114106273
   0.0101603611
   0.0070403943
   0.0106237583
   0.0118151322
   0.0114053786
   0.0094953309
   0.0090695996
   0.0104919306
   0.0096859696
   0.0115126101
   0.0108548784
   0.0108548784
   0.0114053786
   0.0094953309
   0.0090695996
   0.0104919306
   0.0096859696
   0.0115126101
   0.0114106273
   0.0101603611
   0.0070403943
   0.0106237583
   0.0118151322
   0.0065330731
   0.0102133078
   0.0114144482
   0.0047342633
   0.0097488044
   0.0078170588
   0.0037832439
  -0.0056024721
   0.0099993649
   0.0086695736
   0.0057742562
  -0.0010423625
  -0.0173688013
   0.0097488044
   0.0078170588
   0.0037832439
  -0.0056024721
   0.0047342633
   0.0058625719
   0.0007544397
   0.0012388946
   0.0007544397
   0.0012388946
   0.0058625719
   0.0027433748
   0.0070977491
  -0.0003569065
  -0.0021995459
   0.0053945629
  -0.0057626207
  -0.0073489679
   0.0081541142
  -0.0051565149
  -0.0105289374
  -0.0064587396
   0.0081541142
  -0.0051565149
  -0.0105289374
  -0.0064587396
   0.0053945629
  -0.0057626207
  -0.0073489679
   0.0070977491
  -0.0003569065
  -0.0021995459
   0.0027433748
   0.0057828003
   0.0154110553
   0.0013825783
   0.0177691640
   0.0217845725
   0.0173924882
   0.0046395639
   0.0198104690
   0.0238994370
   0.0210353017
   0.0013825783
   0.0177691640
   0.0217845725
   0.0173924882
   0.0057828003
   0.0154110553
  -0.0095165676
  -0.0174345181
  -0.0217091337
  -0.0137010821
  -0.0112284602
  -0.0243042537
  -0.0288460534
  -0.0277554649
  -0.0208366949
  -0.0036913195
  -0.0214125955
  -0.0300837186
  -0.0323052931
  -0.0310398903
  -0.0259636190
  -0.0123562907
  -0.0214125955
  -0.0300837186
  -0.0323052931
  -0.0310398903
  -0.0259636190
  -0.0123562907
  -0.0112284602
  -0.0243042537
  -0.0288460534
  -0.0277554649
  -0.0208366949
  -0.0036913195
  -0.0174345181
  -0.0217091337
  -0.0137010821
  -0.0095165676
   0.0062382344
   0.0039508428
   0.0072910747
   0.0035217760
  -0.0031696062
   0.0094889223
   0.0082489165
   0.0090743615
   0.0028721830
   0.0097624427
   0.0090743615
   0.0028721830
   0.0097624427
   0.0094889223
   0.0082489165
   0.0072910747
   0.0035217760
  -0.0031696062
   0.0062382344
   0.0039508428
   0.0099402184
   0.0015850988
   0.0069124044
   0.0092525956
   0.0100319802
   0.0097873692
   0.0086918082
   0.0029813974
   0.0064865870
   0.0090891337
   0.0100639933
   0.0095061856
   0.0079939827
   0.0072394275
   0.0082365548
   0.0081482352
   0.0095173615
   0.0088796421
   0.0088796421
   0.0095061856
   0.0079939827
   0.0072394275
   0.0082365548
   0.0081482352
   0.0095173615
   0.0097873692
   0.0086918082
   0.0029813974
   0.0064865870
   0.0090891337
   0.0100639933
   0.0099402184
   0.0015850988
   0.0069124044
   0.0092525956
   0.0100319802
   0.0038053491
   0.0062097711
   0.0023828569
  -0.0053455168
   0.0087391177
   0.0072238790
   0.0046808500
  -0.0005049493
  -0.0115157215
   0.0087391177
   0.0072238790
   0.0046808500
  -0.0005049493
  -0.0115157215
   0.0062097711
   0.0023828569
  -0.0053455168
   0.0038053491
   0.0039996930
   0.0004057252
  -0.0053192639
   0.0006076293
   0.0039192437
   0.0004057252
  -0.0053192639
   0.0006076293
   0.0039192437
   0.0039996930
   0.0029760938
   0.0050154424
   0.0009131398
   0.0002870251
   0.0093859322
   0.0013410997
  -0.0037925213
  -0.0026308202
   0.0027182771
  -0.0045582650
  -0.0064223856
  -0.0015930173
   0.0068246422
  -0.0021712344
  -0.0068644028
  -0.0064453570
   0.0027182771
  -0.0045582650
  -0.0064223856
  -0.0015930173
   0.0093859322
   0.0013410997
  -0.0037925213
  -0.0026308202
   0.0050154424
   0.0009131398
   0.0002870251
   0.0029760938
   0.0037792436
   0.0108714853
   0.0125401566
   0.0160755005
   0.0129016505
   0.0104718322
   0.0175662196
   0.0184207467
   0.0144615242
   0.0104718322
   0.0175662196
   0.0184207467
   0.0144615242
   0.0125401566
   0.0160755005
   0.0129016505
   0.0037792436
   0.0108714853
  -0.0071138950
  -0.0129405395
  -0.0163596388
  -0.0101744183
  -0.0171553498
  -0.0218870906
  -0.0223085534
  -0.0188482410
  -0.0103290115
  -0.0147303947
  -0.0227265413
  -0.0257326302
  -0.0255948336
  -0.0226631161
  -0.0153469353
   0.0004884003
  -0.0214381902
  -0.0259101818
  -0.0270931365
  -0.0260729000
  -0.0226164374
  -0.0148239660
  -0.0147303947
  -0.0227265413
  -0.0257326302
  -0.0255948336
  -0.0226631161
  -0.0153469353
   0.0004884003
  -0.0171553498
  -0.0218870906
  -0.0223085534
  -0.0188482410
  -0.0103290115
  -0.0129405395
  -0.0163596388
  -0.0101744183
  -0.0071138950
