   0.0026795562
  -0.0072793753
  -0.0035639888
  -0.0012581174
  -0.0028866855
  -0.0035319407
  -0.0176219446
  -0.0182551582
  -0.0406160050
  -0.0254834927
  -0.0264813133
  -0.0500385642
  -0.0479910498
  -0.0172177642
  -0.0454264060
  -0.0553241643
  -0.0451640736
  -0.0402051909
  -0.0543061882
  -0.0459495216
  -0.0293519914
  -0.0446073793
  -0.0512208764
  -0.0217257096
  -0.0420176658
   0.0111397550
   0.0296415029
   0.0099922068
   0.0259811512
   0.0351870227
   0.0253166803
   0.0011488843
   0.0352785775
   0.0297394222
   0.0191860475
  -0.0075592150
   0.0294770445
   0.0107921399
   0.0104712957
   0.0125619305
   0.0029885655
   0.0055845144
   0.0120239739
   0.0135931219
   0.0180387297
   0.0138321428
   0.0137983090
   0.0138447886
   0.0190612920
   0.0139642299
   0.0137835444
   0.0121668379
   0.0154020633
   0.0138948034
   0.0132559824
   0.0060612041
  -0.0120975115
   0.0094497450
   0.0109679010
   0.0036166962
   0.0033619256
   0.0108557431
   0.0030660700
   0.0083770489
   0.0119636784
   0.0046560966
   0.0097638989
   0.0122899781
   0.0148364571
   0.0052689279
  -0.0014293679
   0.0057341463
   0.0089224594
   0.0020889726
   0.0065532229
  -0.0016134948
   0.0042876121
   0.0068063464
   0.0092115259
  -0.0144149274
  -0.0034945153
   0.0020489670
   0.0035891972
   0.0034581719
  -0.0085831807
  -0.0029282586
  -0.0007436815
  -0.0311841053
  -0.0113520981
  -0.0062935976
  -0.0177832948
  -0.0050160820
  -0.0021402992
  -0.0025620288
  -0.0092415920
  -0.0076348967
  -0.0005520302
  -0.0015043478
  -0.0021059154
  -0.0021078005
   0.0074935794
  -0.0200620067
   0.0003720682
  -0.0045854864
  -0.0025755012
  -0.0010025067
  -0.0042335334
   0.0018439844
   0.0133420036
   0.0126155187
   0.0158960694
  -0.0050278055
  -0.0109351440
  -0.0127222642
  -0.0273549785
  -0.0193949402
  -0.0360414926
  -0.0347023925
  -0.0298976389
  -0.0412482069
  -0.0396810681
  -0.0140027637
  -0.0335641087
  -0.0425617219
  -0.0390079841
  -0.0157216742
  -0.0330457822
  -0.0416497092
  -0.0000931892
  -0.0231177620
  -0.0338694967
  -0.0378443138
  -0.0172958207
  -0.0306356182
   0.0077503753
   0.0210580315
   0.0098287759
   0.0204808139
   0.0267606069
   0.0197008308
   0.0043421453
   0.0277004230
   0.0261034251
   0.0201804099
   0.0077905530
   0.0247048256
   0.0271943525
   0.0187709939
   0.0108413613
  -0.0074960065
   0.0194301457
   0.0025925201
   0.0081009657
   0.0100153005
   0.0042765290
   0.0022619014
   0.0074212732
   0.0101458168
   0.0108998143
   0.0143730850
   0.0117246767
   0.0101263214
   0.0113480213
   0.0116384910
   0.0122263576
   0.0127115907
   0.0125814117
   0.0119059661
   0.0135081022
   0.0119673410
   0.0126255274
   0.0150179358
   0.0143863066
   0.0121766438
   0.0116747686
   0.0120967941
   0.0081535132
  -0.0014712237
   0.0113602592
   0.0107691333
   0.0100370298
   0.0034876959
  -0.0080034268
   0.0073936378
   0.0075113050
   0.0017005823
   0.0036553568
   0.0071930623
   0.0106744333
   0.0002567865
   0.0041552107
   0.0073939023
   0.0096906410
   0.0120465379
   0.0008216806
   0.0050539257
   0.0080084798
   0.0095886312
   0.0112581312
   0.0010139117
   0.0050291465
   0.0060646691
   0.0011425528
   0.0046311286
  -0.0017031262
   0.0010289011
   0.0042377243
   0.0057629858
   0.0083363452
  -0.0143334571
  -0.0053313653
   0.0001292520
   0.0027295919
   0.0036118316
   0.0046087831
  -0.0073353008
  -0.0024115235
  -0.0000448708
   0.0008614697
  -0.0174380728
  -0.0202954698
  -0.0091746920
  -0.0051907672
  -0.0183176824
  -0.0074270478
  -0.0030172293
  -0.0022245997
  -0.0084920940
  -0.0090632049
  -0.0035185542
  -0.0016617232
  -0.0019682402
  -0.0028492129
  -0.0033004250
   0.0072455039
  -0.0181248811
   0.0032715978
  -0.0070284955
  -0.0038283940
  -0.0017461757
   0.0001949741
  -0.0021071243
  -0.0008321107
  -0.0042635745
   0.0008441920
   0.0110494213
   0.0111937328
   0.0144892709
   0.0116727073
  -0.0051236620
  -0.0067689259
  -0.0088015976
  -0.0202792065
  -0.0110024558
  -0.0257206847
  -0.0287976165
  -0.0205214882
  -0.0311318829
  -0.0329321371
  -0.0084563504
  -0.0241613790
  -0.0328450750
  -0.0331696012
  -0.0105867630
  -0.0238063768
  -0.0321031720
  -0.0306967965
   0.0017045894
  -0.0168877717
  -0.0260004169
  -0.0292090360
  -0.0230102715
   0.0057911071
   0.0166309175
   0.0068286247
   0.0167663760
   0.0213405359
   0.0158488366
   0.0047892099
   0.0226024746
   0.0207151434
   0.0159512478
   0.0066383489
   0.0208115516
   0.0220294106
   0.0144563482
   0.0082981679
  -0.0047879759
   0.0156390292
   0.0009164904
   0.0066042103
   0.0086894505
   0.0032707811
   0.0011314726
   0.0059546092
   0.0084834475
   0.0093021760
   0.0134740938
   0.0090472468
   0.0099275020
   0.0102689985
   0.0111580731
   0.0110966236
   0.0108403281
   0.0120682733
   0.0142892260
   0.0117217791
   0.0104742596
   0.0102582601
   0.0109879012
   0.0071605083
   0.0095289905
   0.0090460825
   0.0084813628
   0.0024174436
  -0.0085723275
   0.0059832521
   0.0060487650
   0.0006254152
   0.0044522425
   0.0071833766
   0.0104882534
   0.0016206004
   0.0045097078
   0.0068395685
   0.0087523620
   0.0112594755
   0.0021108159
   0.0050388736
   0.0070512539
   0.0084219413
   0.0005951135
   0.0039637347
   0.0050083530
   0.0006965610
   0.0034998817
  -0.0028187969
  -0.0001567728
   0.0030063870
   0.0048183761
  -0.0180066724
  -0.0083014774
  -0.0023794246
   0.0008230478
   0.0023879187
   0.0033285498
   0.0051647014
  -0.0098413419
  -0.0042172987
  -0.0012937715
   0.0002179867
  -0.0250085850
  -0.0118770695
  -0.0064266860
  -0.0042390080
  -0.0214971958
  -0.0104270112
  -0.0048654273
  -0.0027755019
  -0.0085940958
  -0.0096730801
  -0.0044065903
  -0.0021327047
  -0.0017144164
  -0.0037377932
   0.0068359421
  -0.0191692670
   0.0041600534
   0.0069130589
  -0.0162275207
  -0.0082371615
  -0.0001568564
   0.0014236851
  -0.0043750578
  -0.0024994153
  -0.0007912468
  -0.0024029835
  -0.0007922922
  -0.0006920483
  -0.0039615578
   0.0001113301
   0.0002763938
   0.0132072122
   0.0096611335
   0.0098673554
   0.0099161074
   0.0108250208
   0.0144730078
  -0.0041507525
  -0.0062641609
  -0.0142283383
  -0.0059593826
  -0.0171433151
  -0.0215633405
  -0.0184990123
  -0.0131150712
  -0.0224906291
  -0.0259139522
  -0.0232805901
  -0.0112501867
  -0.0212587075
  -0.0267260870
  -0.0272561258
  -0.0082559379
  -0.0190023184
  -0.0258143360
  -0.0273343668
  -0.0036664116
  -0.0102226539
  -0.0186366239
  -0.0247701637
  -0.0255756183
  -0.0010217728
  -0.0137766287
  -0.0205107630
  -0.0226314885
  -0.0177673184
   0.0045777317
   0.0125368323
   0.0047904161
   0.0131157726
   0.0167574278
   0.0120743502
   0.0031740113
   0.0181137491
   0.0176291359
   0.0138409773
   0.0069484874
  -0.0040776356
   0.0185290104
   0.0189935485
   0.0151429445
   0.0111808683
   0.0038566693
   0.0161678588
   0.0165357194
   0.0088706358
   0.0034202663
   0.0102032566
   0.0055550452
   0.0072812778
   0.0031324564
   0.0013853983
   0.0049078533
   0.0070962611
   0.0078775470
   0.0108131410
   0.0088082487
   0.0076532473
   0.0085018117
   0.0089749302
   0.0096899919
   0.0093145651
   0.0095195162
   0.0099763899
   0.0119159930
   0.0095651202
   0.0096719240
   0.0111223046
   0.0103431900
   0.0094734740
   0.0088255578
   0.0086968630
   0.0090318737
   0.0047884249
   0.0076478047
   0.0072670333
   0.0065867691
   0.0013265213
  -0.0069532030
   0.0043518301
   0.0044722356
  -0.0000250996
   0.0040075344
   0.0064360221
   0.0023668620
   0.0044928805
   0.0063806632
   0.0083236714
   0.0025226945
   0.0046214426
   0.0063007346
   0.0077815605
   0.0015943049
   0.0039083898
   0.0055507355
   0.0066336709
   0.0003590350
   0.0029128613
   0.0037090222
   0.0027604097
  -0.0020642491
  -0.0003566391
   0.0023074356
   0.0041490337
  -0.0131723834
  -0.0067606527
  -0.0021024301
   0.0006511703
   0.0022066124
   0.0033527237
   0.0051767061
  -0.0106030936
  -0.0047595814
  -0.0015841883
   0.0002206896
   0.0013330374
  -0.0163685443
  -0.0089429848
  -0.0232862721
  -0.0121588412
  -0.0066861572
  -0.0040862368
  -0.0167967181
  -0.0092459990
  -0.0047839290
  -0.0027502849
  -0.0073596057
  -0.0085233489
  -0.0046372002
  -0.0024111544
  -0.0038406212
